2 -1 -63 0 16 -64 -3 -11 -61 -2 -11 -60 -54 -4 -61 -63 0 -64 1 4 -62 0 0 -60 5 1 -63 
 0.900000 


0 35 -63 -7 5 -60 -28 2 -62 -31 -10 -60 -44 -5 67 -97 -3 69 69 0 70 1 2 -62 5 2 -58 
 0.900000 


1 4 -64 1 36 -58 2 20 -63 -15 -29 -64 -48 -14 -64 -94 2 64 -62 4 66 4 3 -60 4 3 -64 
 0.900000 


4 5 -64 129 -1 -62 -63 4 -60 -64 5 1 -30 2 69 -19 -6 -63 -16 7 -62 -2 18 -61 4 5 -63 
 0.100000 


-31 0 -60 -1 2 -61 -12 3 -62 -27 -6 -64 -46 2 -58 -92 3 -64 -59 -1 -58 -1 -1 -63 5 -1 -62 
 0.900000 


2 3 -60 -27 1 -60 -47 0 66 -17 -3 -59 -16 -6 -60 -10 -23 -63 -7 34 -58 4 5 -64 -1 0 -60 
 0.100000 


3 0 -61 3 -1 -61 -10 35 -58 -117 12 -63 -43 -28 -62 -94 -2 -60 1 -4 -64 -1 4 -59 0 2 -63 
 0.900000 


2 3 -63 133 5 -59 66 0 -60 65 3 -61 128 -6 -64 10 -13 -58 -125 5 -59 -1 -1 -63 1 3 -64 
 0.100000 


0 4 -59 2 3 -59 -96 4 -63 -32 3 -64 -17 -3 -125 -12 -11 -127 -6 -21 -59 -11 -12 -64 -4 33 -63 
 0.100000 


1 67 -61 -4 -51 -58 -12 -5 -59 -24 -2 -58 -94 1 68 133 2 69 1 5 70 4 -1 -62 4 -1 -58 
 0.900000 


2 2 -60 2 5 -60 2 130 -63 -1 4 65 -2 1 68 -9 2 -125 -45 2 -122 -94 2 -128 4 -1 -60 
 0.900000 


115 4 4 35 0 3 130 1 0 -66 128 64 -32 -11 -60 -32 -53 -63 -28 18 -62 -12 5 -59 -30 133 -64 
 0.100000 


0 4 -62 -1 17 -61 -1 3 -58 -12 2 -62 -59 -30 68 5 -6 68 8 -2 4 18 2 0 34 2 6 
 0.900000 


-1 4 -61 1 15 -59 1 9 -62 -11 6 -64 -58 -28 -60 -121 -7 4 8 -8 70 31 2 -61 1 -2 -62 
 0.900000 


4 -1 -63 3 5 -61 -13 6 -62 -19 -1 70 -31 1 70 -95 5 -123 5 2 -64 0 5 -60 -1 -1 -58 
 0.900000 


129 5 -64 68 0 3 69 -2 4 2 -7 5 -124 1 -60 -13 3 -128 3 -46 -62 0 1 -61 0 2 -59 
 0.100000 


2 0 -62 -2 69 -64 -27 19 -61 -44 -57 -63 -109 -59 -63 32 -30 -63 67 -13 -61 132 -28 -61 130 -14 -63 
 0.900000 


5 4 -64 4 5 -58 -1 5 -63 -1 -1 69 -97 -1 68 -51 -7 -62 -14 -26 -62 2 21 -60 2 1 -61 
 0.100000 


5 5 -63 5 0 -62 2 16 -58 -111 5 3 1 0 -126 39 31 0 7 5 68 -91 0 -58 3 -1 -58 
 0.900000 


1 0 -62 4 1 -63 133 1 68 1 -5 3 34 3 2 -116 118 1 -8 -58 -61 2 7 -60 -1 5 -63 
 0.100000 


5 0 -64 -96 1 -123 -29 -1 6 -33 0 68 -13 2 65 -22 -1 -61 -9 -121 -58 -2 128 -59 1 -1 -60 
 0.100000 


0 4 -64 -28 -1 -61 -92 0 -64 -94 1 6 -92 2 0 -111 -21 0 -31 17 -60 -7 9 -60 4 -1 -62 
 0.100000 


1 -118 -59 0 2 -62 -8 0 69 -29 117 6 -127 2 4 -126 0 2 -115 2 2 -113 4 -122 3 2 -61 
 0.900000 


0 4 -64 3 0 -60 1 -95 -63 -1 9 -62 -14 -30 -58 -59 -3 -63 -22 -2 -63 3 -1 -62 4 -1 -63 
 0.900000 


-1 2 -64 3 3 -59 -62 1 -63 -64 4 70 -91 -4 -59 -32 -14 -60 -23 -57 -59 -16 36 -63 5 5 -62 
 0.100000 


2 2 -61 4 5 -59 -61 0 -58 -92 -4 64 -111 -27 -59 -121 -122 -64 -59 8 -63 -15 31 -64 0 1 -63 
 0.100000 


5 4 -60 2 4 -62 4 1 1 -32 2 66 -48 -5 -61 -26 5 -60 2 131 -64 2 5 -58 -3 5 -60 
 0.100000 


1 5 -59 5 5 -62 -61 18 -60 -94 -26 -59 64 -1 -63 133 2 -62 0 5 -64 4 -63 -58 5 1 -61 
 0.900000 


2 4 -63 2 4 -58 2 0 -58 -121 3 -61 -67 127 -61 66 35 -60 0 -55 -60 -1 -1 -58 5 0 67 
 0.900000 


2 0 -62 -17 2 -60 -22 4 -62 -8 4 -63 -5 2 -61 -7 3 3 1 123 -62 5 -116 -62 3 4 -60 
 0.100000 


2 0 -62 5 4 -58 -4 37 -61 -58 12 -61 -113 -125 -63 -59 -25 -59 -63 0 -64 -63 2 64 5 4 65 
 0.900000 


-59 5 -61 -92 -1 67 65 0 66 129 2 66 129 1 -60 4 3 -58 0 4 -58 5 -1 -59 -1 0 -60 
 0.900000 


2 3 -59 2 1 -64 -27 2 -63 -43 -7 -64 -26 48 -59 -116 -107 -60 63 -23 -64 3 -5 -59 0 1 -61 
 0.900000 


2 4 -63 -11 35 -61 -21 -57 -64 -11 -7 -58 -13 -6 -58 -47 -9 -61 -98 0 -64 63 -62 -61 5 -62 -58 
 0.900000 


4 4 -61 1 -122 -61 2 60 -64 -11 3 66 -109 1 6 -65 2 -122 127 4 -64 3 4 -60 3 4 -63 
 0.900000 


4 3 -59 -1 12 -64 -28 9 -61 -114 0 -59 -59 -11 -59 3 -2 -58 4 -1 67 5 2 67 2 1 -61 
 0.900000 


-70 4 -64 -126 1 -59 -121 -1 -61 -26 -49 -59 -10 6 67 -1 5 -64 4 9 -58 0 0 -63 1 3 -60 
 0.100000 


4 3 -63 3 3 -64 69 4 -58 -96 4 -63 -45 -7 -58 -22 -57 -64 -5 37 -63 4 1 -62 3 4 -60 
 0.100000 


2 4 -62 -1 -1 -59 1 5 -60 -14 35 -59 -53 -29 -63 -91 -3 -60 0 1 -59 -1 1 65 4 2 64 
 0.900000 


4 2 -64 -1 3 -63 64 2 -59 -94 5 -59 -43 -1 -64 -23 -57 -60 -7 31 -60 1 5 -59 3 0 -64 
 0.100000 


2 1 -62 3 4 -64 4 1 -59 -12 35 -62 -52 -23 -58 -93 -6 -58 4 -2 -58 4 4 70 5 0 64 
 0.900000 


-65 1 -59 -61 1 -61 -64 3 -62 -64 3 -64 -93 -2 -62 -49 -2 -59 -15 2 -58 -20 -2 -58 -12 -9 -61 
 0.100000 


1 0 -59 0 67 -59 -5 33 -63 -32 8 -63 -57 -25 -61 -95 -7 -59 -61 -2 -60 66 -1 65 128 -62 69 
 0.900000 


0 2 -62 128 0 -63 66 0 66 -97 -2 -59 -22 -5 -60 -14 109 -61 -1 17 -61 4 -1 -62 -1 4 -62 
 0.100000 


4 1 -60 2 -1 -60 4 -125 -63 1 4 -63 -15 52 69 -126 4 6 -119 2 -126 -11 -3 -62 -1 1 -63 
 0.900000 


-13 5 -62 -76 123 -62 -123 7 -59 19 -3 -64 37 -18 65 -93 2 68 -61 128 -125 68 4 -127 130 1 -62 
 0.900000 


1 0 -58 0 4 -61 -63 5 -61 -91 3 68 -63 2 66 -64 2 68 -60 2 70 5 3 70 5 -1 -64 
 0.900000 


4 -1 -62 1 2 -60 -1 2 -64 -1 -1 -62 5 0 -61 3 -126 -62 -28 61 -60 -59 -1 -64 -27 -2 -62 
 0.900000 


3 4 -60 4 -25 -63 1 5 -63 0 5 -64 -16 6 -64 -122 7 68 10 -1 0 16 4 5 31 1 -122 
 0.900000 


0 0 -61 3 2 -63 -75 132 -62 -84 55 -61 -94 73 -60 -113 -26 -59 17 -7 -58 36 -6 -64 35 0 -58 
 0.900000 


2 4 -60 3 5 -60 4 -25 -60 -14 4 -59 -6 0 -63 -7 -2 -62 -11 -1 -62 -16 3 -58 -15 -1 -64 
 0.900000 


0 3 -64 3 5 -63 1 4 -58 -5 -4 -62 -19 -3 -60 -47 0 -61 64 -1 70 1 1 66 0 3 4 
 0.900000 


5 2 -64 2 0 -60 -31 -1 -58 -30 -5 -60 -17 -10 -63 -11 -17 -61 -9 -43 -58 -3 -92 -62 -4 129 -61 
 0.100000 


5 0 -63 -64 -5 -62 69 -5 -62 127 -1 -63 132 -3 -61 1 2 -63 1 -1 -64 1 -1 -64 3 4 -62 
 0.100000 


2 1 -64 2 2 -58 -59 4 -61 -93 -2 -62 -22 -6 -63 -6 -2 -61 126 3 -60 -1 1 -62 1 2 -60 
 0.100000 


5 -1 -64 4 1 -63 -29 5 65 -22 1 66 -16 8 64 -6 57 67 -5 -124 -62 0 18 -59 -1 1 -63 
 0.100000 


4 2 -58 129 3 -62 129 4 -63 -91 5 -122 -25 0 -124 2 2 5 1 1 -64 0 0 -62 2 0 -62 
 0.100000 


4 0 -58 -2 7 -63 -3 -13 -64 -24 -7 -58 -46 4 -63 -1 3 -63 1 0 -58 4 0 -63 5 4 -61 
 0.900000 


4 3 -59 -23 -1 -61 1 1 -125 -4 128 5 -5 1 64 -1 0 -60 2 4 -59 1 4 -60 3 5 -61 
 0.100000 


5 4 -58 3 35 -58 -10 7 -64 -21 -30 -60 -49 -5 3 -96 4 4 -61 4 -128 2 131 -61 2 -1 -63 
 0.900000 


1 4 -60 1 -1 -128 -1 5 1 65 -6 -58 -64 -26 -61 -61 -112 -59 -124 63 -63 -92 4 -64 4 -1 -64 
 0.100000 


5 5 -62 3 1 -60 2 0 67 -65 -1 65 -95 3 -63 -48 2 -63 -27 -9 -63 1 18 -61 1 -1 -64 
 0.100000 


2 4 -58 -1 -1 -61 -4 133 -58 -58 -108 -62 -96 -8 -64 -60 -1 -60 69 -2 -59 -1 -2 -64 5 -2 -58 
 0.900000 


4 5 -58 0 0 -58 0 3 -63 65 2 -60 -65 2 -62 -30 3 -125 -24 4 4 -8 2 -62 2 4 -64 
 0.100000 


2 4 -60 5 1 -58 3 4 -62 -13 125 64 -62 2 64 -87 0 64 -95 3 65 5 -1 65 5 -4 -59 
 0.900000 


1 0 -58 5 2 -59 -95 0 -61 -33 -6 -62 -44 -7 -60 -21 -21 -62 -4 20 -59 1 1 -63 2 1 -61 
 0.100000 


37 5 -64 -119 4 -58 -58 -1 -125 2 13 4 2 1 69 1 -8 4 4 2 -63 1 4 -58 -48 4 -62 
 0.100000 


-1 5 -63 4 -1 -62 -3 34 -61 -10 -55 -60 -47 -13 -60 -93 -7 -60 3 2 -62 -1 2 -58 4 1 -60 
 0.900000 


0 1 -62 0 0 -63 4 2 -63 69 -2 -58 -61 2 -58 -60 2 -61 -92 -1 -60 -29 -11 -60 -27 -120 -60 
 0.100000 


5 -1 70 1 2 -62 -65 -3 -60 -59 -9 -61 129 -4 -64 129 -9 -62 -95 -22 -58 -48 -11 -62 -10 18 -60 
 0.100000 


1 2 -60 -1 4 -63 4 0 -61 -7 13 -64 -19 -7 -63 -48 -2 -59 -94 0 -59 -63 0 65 -62 5 66 
 0.900000 


-1 2 -60 -61 0 -60 -96 0 -62 -48 -7 -59 -17 -10 -64 -11 -4 -62 -8 15 -64 5 1 -60 1 5 -64 
 0.100000 


-12 66 -64 -23 -46 -61 -44 -23 -64 -33 -5 -63 -61 -5 -63 -62 -3 -62 -62 -3 -64 68 -5 -64 130 0 -63 
 0.900000 


3 31 -63 -3 -48 -59 -10 -25 -61 -5 -5 -64 -6 -12 -58 -3 -4 -58 -99 -6 70 41 0 5 5 2 -123 
 0.900000 


-1 1 -58 1 1 -62 -33 5 -64 -32 -1 -60 -28 -2 -59 -29 -2 -59 -61 -3 -64 -8 7 -61 -1 0 -58 
 0.100000 


4 1 -64 -1 5 -58 -65 4 -126 -96 4 0 -33 -4 -58 -56 -58 -60 -14 33 -61 3 -1 -62 -1 3 -60 
 0.100000 


-2 6 -61 -5 -1 -60 -27 -4 -63 -107 4 66 65 0 66 133 3 -122 0 3 -125 1 4 -61 -47 -6 -60 
 0.900000 


3 3 4 128 0 -125 127 0 -123 133 2 -122 131 -1 -125 128 -1 -125 129 2 -124 129 -1 -124 128 4 -128 
 0.900000 


132 3 -125 -60 3 -123 -59 3 -122 129 2 -127 127 5 -123 2 1 5 4 5 -64 5 0 -60 -44 -7 -59 
 0.100000 


131 5 -126 2 0 -62 4 2 -58 -7 3 -62 -31 2 -58 -124 0 -58 -30 -4 69 -96 -2 -58 0 -10 -61 
 0.900000 


3 -4 -124 -16 4 -63 4 2 -60 -61 0 68 -67 8 68 -124 -2 -58 0 2 -59 5 0 -64 3 132 -59 
 0.100000 


4 3 6 127 5 -127 133 2 -128 129 5 -126 129 4 1 123 -68 0 132 -3 -123 32 0 -123 69 3 -127 
 0.900000 


-1 2 -64 -33 -1 64 -52 -64 65 -8 -2 -62 -7 -1 -61 -36 -3 -64 -1 13 -61 2 0 -60 1 -28 -62 
 0.100000 


0 4 -63 -44 1 69 -51 0 -59 -55 -1 -63 -93 -14 70 -78 5 -58 -12 4 -62 2 5 -59 1 0 -63 
 0.100000 


2 2 -64 -5 7 -58 -9 -10 -58 -11 -3 -60 -95 1 -59 -64 -2 -59 4 -1 -59 0 4 -61 1 0 -61 
 0.900000 


2 2 -58 5 4 -61 -4 4 -62 -27 5 67 -122 30 5 -121 5 2 37 0 2 68 -1 3 -1 3 1 
 0.900000 


1 2 -63 4 63 -64 -5 -62 6 67 -66 -59 -96 -12 -60 -44 -60 -62 -58 6 -60 -11 17 -63 -7 18 -62 
 0.100000 


-1 3 -59 -12 17 -60 -59 -43 -60 -43 -23 -64 -93 -22 -60 -93 -25 -58 -1 -22 -58 -1 4 -61 5 3 -58 
 0.900000 


0 1 -63 -62 0 -59 -94 1 -60 -65 5 -62 -63 4 -64 -66 2 -60 -64 4 -64 -65 2 -60 -63 4 -63 
 0.900000 


-1 3 -64 0 4 -60 -4 17 -58 -7 -13 -63 -4 -16 -58 1 -13 -63 -2 -13 -59 -4 -14 -59 -3 -17 -60 
 0.900000 


1 2 -59 1 -1 -58 3 2 -58 0 -121 -60 2 61 -60 3 127 -61 2 125 -58 5 128 -58 0 131 -64 
 0.900000 


2 1 -62 -2 -4 -62 4 -3 -64 -22 -3 -60 -6 -4 -59 -45 -2 -62 -15 -3 -61 -1 -8 -64 0 12 -62 
 0.100000 


0 3 -61 3 -4 -64 -2 -1 -62 -2 -5 -62 2 -4 -58 -1 -3 -58 -2 -5 -59 -2 -11 -61 -2 7 -62 
 0.100000 


0 3 65 -26 -5 -63 119 -4 -60 55 -4 -61 -100 -5 -62 -57 -4 -63 -15 -14 -61 -4 9 -61 -2 9 -62 
 0.100000 


3 0 -64 1 2 -59 2 7 -59 2 114 69 -23 2 4 -108 -1 -127 -63 4 -122 69 3 -124 130 3 -63 
 0.900000 


2 4 -59 130 2 5 127 -5 70 67 -8 65 -61 -22 64 -96 -57 -64 -63 19 -58 -3 128 -59 -1 1 -59 
 0.100000 


2 -1 -60 1 -1 64 -14 35 -63 -25 -110 66 -49 5 64 -111 -1 0 -1 0 -127 -25 120 -63 -26 -121 -62 
 0.900000 


-1 5 -58 -2 3 -64 -13 10 -59 -9 -9 -60 -8 -1 -61 124 0 -60 -88 2 69 -95 0 0 -1 1 -126 
 0.900000 


4 1 -64 -1 0 -62 -12 133 -60 -52 64 -58 -93 -62 -62 -59 67 -58 -61 128 -58 68 127 -58 -2 5 -62 
 0.900000 


0 3 -61 128 5 -62 31 -3 65 16 -14 1 84 -28 66 77 -60 65 64 5 1 0 15 -59 3 -15 -58 
 0.100000 


5 2 -61 4 3 -64 1 1 -58 -1 4 -62 -13 1 -58 -9 -1 -60 -9 2 -59 -2 2 -59 -3 -1 68 
 0.900000 


5 4 -61 4 0 -60 -2 32 -60 -30 -46 -64 -91 -12 -61 63 1 67 0 0 5 0 2 -58 2 4 -63 
 0.900000 


1 3 -62 4 -91 -61 -62 8 -59 -93 -2 -61 -60 1 -60 -64 -1 -59 5 0 -59 4 1 -63 3 -4 -59 
 0.900000 


2 0 -59 2 0 -61 -62 4 -59 -61 5 -58 -64 4 -60 -94 4 -62 -45 0 -59 -32 3 -64 -2 -1 -64 
 0.100000 


1 4 -59 1 5 -59 -5 17 -60 -20 -26 -60 -46 1 -62 -96 2 70 64 4 64 129 1 -58 132 0 65 
 0.900000 


-15 32 -58 -54 -56 -58 -92 0 -61 69 -2 -60 0 1 -64 0 -2 -62 3 -1 -62 5 1 -64 4 5 -60 
 0.900000 


130 2 -59 63 5 -62 -95 3 -122 -45 2 6 -32 0 64 1 36 -60 1 5 -58 0 0 -59 0 4 -58 
 0.100000 


-64 4 -59 -97 2 -60 -30 -3 -63 -48 -8 -64 -16 -46 -62 -7 36 -60 -3 131 -62 1 4 -60 4 0 -59 
 0.100000 


1 1 -60 4 -1 -61 0 19 -60 -11 -24 -63 -55 -4 -63 -30 -4 -59 -59 2 -58 -1 2 -63 1 2 -62 
 0.900000 


3 1 -64 -14 63 -60 -30 9 -59 -57 6 -60 -95 128 66 35 4 68 -1 3 2 1 -1 6 2 -32 -63 
 0.900000 


-1 -1 -59 3 1 -59 -1 15 -61 -14 -23 -61 -22 -13 -61 -47 -3 -61 -32 -1 -58 -95 1 64 -59 4 70 
 0.900000 


1 1 -60 -5 68 -58 -29 7 -64 -43 -55 -59 -93 -27 -61 -1 -7 69 4 -1 1 -1 2 -64 4 3 -63 
 0.900000 


3 5 -62 -1 -1 -64 4 5 -64 -13 0 70 -29 -4 -59 -26 -3 -60 -31 72 -59 -6 37 -59 2 5 -62 
 0.100000 


-1 1 -60 -1 3 -61 -95 -24 -64 -32 -25 -63 -32 -15 -58 -31 -107 -60 -63 63 -61 -31 2 -59 2 3 -58 
 0.100000 


-1 2 -63 68 -1 -64 18 0 -64 12 3 4 -42 -5 -64 -62 -24 -60 -28 9 -63 1 -1 -60 3 1 -63 
 0.100000 


5 3 -60 -1 0 -61 3 0 -61 -33 3 -60 -44 0 70 -16 -25 -61 -23 -93 -59 -14 133 -60 1 -1 -58 
 0.100000 


-1 3 -59 -33 -1 -64 -33 5 -124 -47 1 5 -19 -13 -60 -8 13 -62 0 3 -58 1 -1 -64 1 5 -63 
 0.100000 


3 4 -60 65 5 -64 -61 -1 -64 -60 -6 -62 -28 -5 -58 -14 -9 -60 -11 -22 -63 -6 -107 -64 2 131 -60 
 0.100000 


3 4 -58 5 2 -58 -1 0 -64 127 4 -59 33 3 5 -113 -3 1 -31 -126 68 -10 1 -62 2 -59 -63 
 0.100000 


4 -1 -61 2 3 -58 -2 7 -58 -1 -7 -60 -9 2 70 -11 4 -127 -11 0 -60 -32 4 -63 66 1 -61 
 0.900000 


5 5 -61 4 2 -59 1 4 -60 -27 5 -128 -29 1 3 -43 -1 69 -19 2 -62 -8 6 -58 4 4 -58 
 0.100000 


0 3 -128 5 1 68 0 -2 -60 5 -2 -62 -31 -8 -58 -48 -24 -58 -7 -44 -62 -5 69 -62 3 1 -60 
 0.100000 


1 -1 -62 2 -58 -58 5 63 -61 -7 0 -64 -11 1 66 -20 -1 68 -30 2 70 -65 2 -61 1 1 -60 
 0.900000 


2 -23 -60 0 15 -62 2 131 70 -4 1 64 -13 3 67 -19 0 65 -12 5 64 -1 1 -61 -1 2 -59 
 0.900000 


-1 5 -58 3 -125 -63 0 62 -58 -11 3 69 -44 5 66 -31 4 1 1 2 -128 2 3 -61 3 2 -63 
 0.900000 


1 1 -59 1 -125 -63 -1 129 -63 2 4 64 -7 1 68 -3 1 -58 -5 5 -61 -49 2 -64 -60 1 -63 
 0.900000 


-1 0 -58 4 5 -64 -14 5 -60 -9 128 -62 -23 36 -62 -44 -27 -60 -27 -1 -60 3 -1 -63 1 1 -59 
 0.900000 


2 5 -58 -4 132 -60 1 -97 -64 -1 -56 -58 -7 -4 -58 -9 0 66 5 4 70 3 2 -63 -1 4 -61 
 0.900000 


3 3 -61 -12 16 -63 -19 -61 -63 -46 -6 -61 -93 0 -63 -61 0 68 -62 1 -61 63 4 -64 -1 3 -58 
 0.900000 


0 5 -63 2 -43 -58 4 40 -64 1 121 -64 -4 1 -62 0 2 70 -2 5 3 -11 0 -127 -7 -1 -59 
 0.900000 


-9 2 -62 1 0 -60 -4 5 -58 -1 31 -61 -4 -20 -64 -5 0 -61 -6 3 -58 -13 3 -63 -29 -1 67 
 0.900000 


-1 2 -64 5 -2 -63 -30 -8 -62 -15 -22 -60 -25 -91 -61 -5 67 -60 -1 129 -64 1 1 -58 4 3 -60 
 0.100000 


0 4 -62 5 3 -63 -91 0 -60 -32 2 -59 -13 -3 -61 -14 -9 -60 -13 -24 -62 -3 -95 -61 -2 66 -64 
 0.100000 


-1 2 -59 5 -1 -59 -92 2 -123 -57 -2 4 -9 -14 -63 -2 9 -62 0 -1 -62 0 -1 -59 3 0 -63 
 0.100000 


3 1 -59 0 -1 -62 -27 4 5 -48 -7 66 -11 -27 -60 -16 8 -64 -14 20 -64 1 2 -63 1 4 -60 
 0.100000 


3 0 -59 5 16 -58 -3 -9 -64 -11 -2 -61 -48 3 -61 -97 0 65 1 5 64 3 3 -59 1 5 -60 
 0.900000 


3 2 -62 2 1 -64 3 3 -64 2 -3 -62 -29 -23 -64 -21 -97 -58 -14 129 -62 0 4 -64 5 4 -60 
 0.100000 


2 5 -63 5 -1 -62 -2 64 -63 -13 -115 -60 -49 -12 -58 32 -1 -62 1 -4 -64 5 4 -58 1 3 -59 
 0.900000 


-1 3 -63 1 2 -61 1 1 68 5 3 -59 129 -5 -58 130 -27 -60 65 35 -61 -60 129 -59 5 5 -61 
 0.100000 


-43 -10 -60 -44 -31 -60 -55 -63 -63 -61 4 -62 -32 8 -63 -26 31 -63 2 5 -60 3 4 -64 1 5 -58 
 0.100000 


129 4 -64 3 133 -60 -27 -15 -124 -52 4 6 -12 2 70 -2 -10 -63 -34 11 -62 4 33 69 3 5 -61 
 0.100000 


3 1 -63 1 20 -62 -30 9 -63 -51 -7 -61 -96 -94 -60 66 3 64 3 5 68 1 -17 -124 3 1 -64 
 0.900000 


-60 5 -62 -60 0 69 -64 2 68 -92 -1 68 -92 3 70 -64 1 -63 4 0 -62 3 4 -61 5 2 -63 
 0.100000 


-17 4 -62 -14 5 67 -14 -24 69 -23 -127 -58 -14 69 -58 0 4 -58 0 -1 -60 5 3 -59 0 2 -62 
 0.100000 


1 4 1 0 2 0 127 4 0 63 -4 4 32 -7 2 -119 3 68 -64 5 -61 -28 20 -62 -29 67 -64 
 0.100000 


1 -1 -61 -28 -2 5 -55 1 4 -23 -1 4 -15 -4 68 -8 -109 68 1 7 65 5 -125 66 -1 5 -58 
 0.100000 


0 0 -60 -15 -2 -58 -15 4 -62 -11 0 -61 -11 -1 -63 -20 -2 -60 -13 1 -63 -3 1 -58 3 3 -58 
 0.100000 


68 4 -62 -63 -1 -61 -97 1 5 -32 2 -60 -49 -7 -62 -20 -8 -62 -12 19 -62 4 1 -58 4 0 -62 
 0.100000 


0 2 -59 3 -112 -59 3 107 -64 1 -9 -62 -3 0 -59 -11 0 -64 -3 4 -59 -25 3 -59 4 2 -58 
 0.900000 


3 -97 -64 131 4 66 33 -2 69 12 -1 -61 -61 -3 -62 -27 8 -62 1 37 -63 0 -1 -58 3 -1 -64 
 0.100000 


0 0 -61 5 3 68 5 2 67 -2 129 66 -14 1 64 -52 3 4 65 2 -61 128 1 -62 1 3 -60 
 0.900000 


0 1 -60 -4 17 -63 -27 -25 -63 -48 -1 -61 -30 3 70 -93 2 70 -59 -1 -59 2 -1 -61 4 4 -59 
 0.900000 


3 0 -63 -65 0 -60 -29 4 -59 -32 0 68 -49 0 -61 -6 -3 -63 -8 -26 -63 3 18 -60 0 5 -63 
 0.100000 


0 1 -59 3 2 -60 -58 9 -62 31 -3 -60 129 2 -62 1 1 68 0 3 3 1 3 -63 4 0 -58 
 0.900000 


-24 2 -60 -48 -1 -62 -94 -1 -62 -93 2 66 -65 -2 68 -60 -28 -62 -113 -123 -58 -30 35 -60 0 5 -62 
 0.100000 


-1 5 -64 0 0 -61 -62 129 -64 -97 -91 -64 66 -49 -58 128 -16 -59 5 -20 -59 3 -1 -61 5 3 -62 
 0.900000 


-59 2 -58 -92 5 -58 -43 3 -59 -24 1 66 -14 -5 -63 2 4 -63 5 -1 -63 3 5 -61 3 4 -63 
 0.100000 


5 -1 -61 4 3 -123 128 3 1 132 -60 67 -63 -1 69 -96 3 1 -44 1 2 -32 4 70 -8 -92 65 
 0.100000 


-1 -56 -64 4 51 -62 -1 123 -59 0 -2 -58 -1 2 -64 -1 2 70 -11 5 67 3 3 -61 3 4 -63 
 0.900000 


0 1 -61 2 4 -58 -2 8 -60 -16 3 -62 -25 -16 -63 -14 -2 -64 1 1 2 -1 -1 -63 3 1 -61 
 0.900000 


-12 -19 -61 -27 -1 -62 -54 5 68 -60 5 66 -53 1 69 -60 -2 65 -27 -5 -63 -11 -1 -58 -5 4 -58 
 0.100000 


5 3 -60 -3 32 -60 -23 -56 -63 -107 -10 -59 65 2 -61 133 2 -61 0 4 -59 3 -1 -64 3 5 -62 
 0.900000 


3 3 -61 3 3 68 -65 -7 6 33 10 0 70 37 6 0 6 67 -58 64 -63 0 -1 -61 1 0 -59 
 0.100000 


4 0 -59 -13 20 -63 -58 -11 -63 22 -99 68 38 1 3 39 -30 2 -65 -1 -122 4 4 -64 5 2 -58 
 0.900000 


2 2 -63 4 0 -58 0 -77 -64 -76 67 -59 -125 2 65 -96 1 0 -94 128 2 -65 2 -122 -17 131 -64 
 0.900000 


3 2 -59 0 -1 69 -59 -4 2 33 14 0 0 5 3 3 5 66 -61 66 -64 -1 -1 -58 4 3 -61 
 0.100000 


133 4 -62 133 -31 67 133 -13 -60 4 2 -64 -3 131 67 -13 4 69 -52 -46 -127 -111 2 -62 -91 0 6 
 0.900000 


0 0 -60 68 3 1 21 -2 1 10 -12 4 -119 -11 1 -121 -62 -63 -63 5 -60 -13 15 -60 2 64 -59 
 0.100000 


1 3 -63 0 3 -58 65 -45 -58 64 -126 -63 36 6 -59 2 3 -60 -128 21 -64 -126 128 -60 1 0 -61 
 0.100000 


-12 4 -63 5 0 5 -115 -11 5 8 -12 68 -61 -62 -61 -29 3 -61 -15 19 -63 -1 66 -58 3 1 -60 
 0.100000 


3 2 -60 -1 4 -63 -60 3 -61 -92 0 -62 -27 -2 -62 -28 1 -59 -27 -2 -63 -12 -2 -61 -22 -9 -58 
 0.100000 


-5 -1 -64 -8 5 67 3 2 66 1 -13 3 38 -6 64 74 -8 68 35 1 0 -1 3 65 1 4 -61 
 0.900000 


-1 0 -60 -9 2 -58 -10 1 -63 -1 -2 -64 -4 4 65 1 2 66 -2 -4 67 -2 9 -61 2 2 -64 
 0.100000 


4 2 -64 0 3 -61 63 -1 -60 -111 2 4 -9 -2 69 -1 -25 -60 -1 18 -60 3 4 -64 0 0 -62 
 0.100000 


-17 3 -62 -63 3 -60 -63 5 -64 -62 0 -64 -94 1 -59 -43 1 -60 -26 7 -58 0 -1 -62 5 1 -63 
 0.100000 


1 0 -59 -5 19 -58 -4 13 -126 -28 6 -64 -26 -1 -58 -52 -35 -63 -110 3 67 65 -12 -61 -1 132 -62 
 0.900000 


-1 -1 -64 -48 1 -59 -43 -11 -60 -45 -12 -61 -44 -23 -60 -25 -120 -64 -27 37 -62 4 -1 -60 -1 4 -60 
 0.100000 


2 4 -62 1 -9 -60 -3 -9 -61 0 -5 -58 -2 -3 -63 -3 -6 -63 -2 -7 -63 2 -19 -64 1 20 -62 
 0.100000 


2 2 -64 -13 -59 -61 -17 -65 -59 -17 -65 -60 -11 -60 -64 -14 -63 -61 -14 -63 -64 -17 68 -63 -29 127 -62 
 0.100000 


-1 1 -62 -1 0 -58 -63 0 -61 -65 -1 -59 -65 0 -64 -63 -1 -64 -94 0 -58 -51 -19 -64 -15 20 -60 
 0.100000 


132 -1 -64 128 1 -61 64 3 -58 66 1 -58 67 0 -62 67 0 6 68 1 0 64 -30 68 33 5 65 
 0.100000 


5 2 -60 1 1 67 129 4 -58 -61 -5 -64 -43 -11 -64 -21 -57 -64 -16 32 -63 2 1 -59 0 3 -64 
 0.100000 


3 -1 -60 3 8 -59 -3 -4 -58 -8 2 -59 -24 5 68 -28 -1 -126 -62 1 -60 -1 3 -60 5 4 -58 
 0.900000 


2 0 -60 -61 2 0 -59 -8 67 -60 -29 -63 -32 -44 -58 -45 63 -62 -15 129 -63 -2 5 -60 2 2 -61 
 0.100000 


0 4 -59 4 -23 -60 1 -120 -61 2 62 -64 -1 2 -63 -13 -1 65 -120 1 64 69 1 70 -1 4 -58 
 0.900000 


3 5 -61 2 11 -63 -4 116 -63 -29 -12 -60 -107 -2 -59 1 2 -58 0 4 -62 -1 5 -64 4 4 -62 
 0.900000 


4 5 -63 2 2 -63 -33 2 -60 -29 -5 -62 -115 -23 -58 -19 18 -59 -11 133 -59 2 1 -60 1 0 -61 
 0.100000 


3 0 -60 2 1 -61 -31 -1 -64 -28 -15 -58 -31 -52 -61 2 67 -60 4 5 -62 2 1 -60 2 1 -59 
 0.100000 


-1 0 -61 131 1 -59 37 4 -127 -32 2 67 -43 1 -60 -25 -10 -58 -10 -20 -58 -2 17 -64 3 3 -60 
 0.100000 


4 4 -64 0 2 -61 5 3 -63 -1 5 -58 1 1 -59 -16 0 70 -13 -7 -60 -15 -25 -60 0 31 -62 
 0.100000 


4 -1 -62 0 -1 -60 1 0 -60 -4 67 -60 -8 -60 -63 -47 -31 -62 -64 -29 -63 3 -16 -63 5 0 -58 
 0.900000 


2 1 -128 5 2 -123 4 3 -128 -64 3 -128 -29 0 0 -45 -3 -127 -21 -7 -58 -7 13 -63 3 0 -64 
 0.100000 


0 4 -60 -15 4 -62 -8 -1 -60 -3 -25 -60 1 -91 -64 -3 131 -60 1 -1 -64 4 2 -61 0 5 -59 
 0.100000 


-59 -1 -58 -111 2 -64 -12 -1 64 -24 1 66 -9 3 68 -11 -1 -64 -5 -5 -64 -3 4 -58 4 4 -63 
 0.100000 


4 1 -59 -60 2 -60 -96 3 -64 -64 4 -59 2 4 -59 -2 3 5 2 132 64 4 61 -60 2 -121 -63 
 0.100000 


4 -1 -59 4 -1 -61 0 15 -64 -2 -7 -60 -10 -5 -64 -43 -2 -59 -95 -2 -63 -61 0 -62 3 4 -64 
 0.900000 


2 1 -62 2 -4 -62 -1 5 -63 2 21 -58 1 -12 -58 -12 -8 -63 -14 -4 -61 5 -4 -58 2 5 -59 
 0.900000 


5 -57 -63 5 2 69 -8 63 4 -11 3 1 -19 2 -127 -48 127 -59 -15 121 -61 -28 -8 -62 0 -33 -63 
 0.900000 


0 -8 66 -96 -15 69 -109 -26 -61 -53 -60 4 -61 18 -64 -23 -89 -64 -31 9 -60 -10 9 -64 -12 19 -59 
 0.100000 


-1 -1 -59 1 0 -60 -1 15 -61 -8 -20 -62 -54 -7 -63 34 -1 -62 4 -2 65 -1 4 -124 1 0 -61 
 0.900000 


-1 3 -60 -33 3 -125 -13 4 6 -16 0 -62 -4 -15 -61 -2 17 -62 5 1 -62 -1 -1 -62 0 3 -58 
 0.100000 


2 2 -64 4 0 -60 1 68 -64 -3 -55 -59 -20 -9 -63 -45 -1 -64 -91 3 1 67 2 -123 -1 1 -61 
 0.900000 


2 5 -62 2 -1 -64 -95 -33 -60 -53 64 -60 -16 2 -58 5 1 -60 0 2 -58 4 0 -58 0 2 -63 
 0.100000 


-1 4 -62 3 10 -58 -10 7 -60 -58 62 2 -75 -60 66 -109 -24 0 -113 3 -128 -64 4 -58 3 -1 -58 
 0.900000 


-1 -65 -58 0 3 -58 2 -3 -61 -2 6 65 -15 3 3 -32 73 -127 -12 4 -126 -43 1 -128 -1 5 -59 
 0.900000 


4 5 -61 1 0 -63 2 4 -58 -6 8 -63 -10 -1 -61 -113 -1 -62 69 2 -64 0 -1 68 3 0 1 
 0.900000 


1 -1 -64 129 4 -64 66 1 -64 -64 5 -59 -28 3 1 -32 -4 64 -43 -8 -59 -15 13 -60 4 0 -62 
 0.100000 


1 5 -63 1 5 -61 -4 7 -64 -125 -11 -59 69 0 70 2 3 6 5 1 -61 0 0 -61 0 3 -63 
 0.900000 


2 3 -58 4 4 -127 3 2 -126 66 -1 -128 -65 0 4 -31 -1 0 -29 0 1 5 -1 -61 -1 -1 -60 
 0.100000 


1 -1 -58 1 2 -58 -2 8 -64 -7 -13 -63 -25 -3 -59 -45 -1 -61 63 -1 -60 0 2 -62 -1 5 -60 
 0.900000 


4 -4 -59 -64 -5 -59 -31 -48 -64 -28 -62 -61 -49 66 -62 -22 130 -60 -12 -1 -62 4 3 -59 5 3 -61 
 0.100000 


1 1 -64 132 5 -64 67 132 -58 -97 132 4 -49 120 1 -62 -124 -63 -32 9 -58 -15 20 -62 -2 1 -61 
 0.100000 


3 0 -62 5 4 -63 -2 11 -58 -8 7 -58 -14 -5 -61 -22 -3 2 -110 0 2 -95 2 -62 -61 1 -60 
 0.900000 


0 1 -64 3 0 -63 -1 -26 -63 4 -51 -60 5 -95 69 2 -62 64 1 128 67 -3 4 -124 -7 2 -58 
 0.900000 


-1 2 -62 4 1 -63 3 -1 -61 128 4 -127 63 0 2 64 -1 -62 33 -9 -64 4 12 -64 -122 33 -58 
 0.100000 


0 0 -62 0 2 -59 -1 3 -63 5 4 -64 -15 4 -64 -15 5 4 -12 1 1 -29 -13 -60 -5 4 -59 
 0.100000 


-3 6 -61 -28 -8 -62 -108 4 -59 -93 1 -64 4 -1 -62 3 5 -62 1 1 -63 1 0 -64 2 -1 -61 
 0.900000 


0 5 -64 3 3 -61 -64 -2 -64 -59 -12 -61 -29 -44 -59 -27 -62 -64 -16 129 -58 -26 4 -61 -1 5 -60 
 0.100000 


1 5 -62 -1 4 -63 3 -1 -62 3 -1 -62 -5 5 -64 -24 -7 -58 -109 -4 -61 63 -1 -64 128 1 -58 
 0.900000 


3 3 -64 1 7 -64 -15 -7 -60 -23 -1 -61 -28 4 -60 -64 4 66 69 1 2 5 3 -127 2 5 -60 
 0.900000 


2 0 -59 0 3 -58 -29 -1 67 -97 -6 -59 -96 -5 -60 -48 -12 -58 -28 8 -64 -3 65 -62 4 2 -60 
 0.100000 


5 3 -58 0 -107 -63 2 13 -62 -2 -28 -64 -14 -9 -62 -61 0 -58 -56 -2 -59 4 3 -61 5 4 -63 
 0.900000 


2 0 -64 -3 127 -59 -10 -91 -64 -21 -47 -60 -45 -20 -62 -30 3 -63 2 0 -61 5 4 -62 -1 3 -64 
 0.900000 


3 3 -61 0 0 -63 -33 5 -62 -33 -4 -63 -14 0 -58 -8 -23 -58 -6 -111 -60 -4 68 -59 5 5 -58 
 0.100000 


0 2 -62 5 -1 -62 0 -119 -59 1 63 -58 -1 126 -58 -3 3 -60 3 2 -58 2 -1 -62 4 0 -60 
 0.900000 


2 0 -61 2 1 -58 -1 5 4 -27 0 69 -31 -2 -60 -13 -2 -58 -5 -5 -60 1 -24 -64 -4 -31 -60 
 0.100000 


0 3 -59 3 5 -58 63 -3 -64 -64 -1 -58 -93 -25 -60 -29 36 -58 1 3 -60 4 5 -58 1 -1 -64 
 0.100000 


2 8 -59 2 -8 -61 -9 -3 -59 -7 3 -59 -7 3 -59 -7 2 -60 3 0 -58 5 4 -58 0 1 -62 
 0.900000 


0 3 -60 1 0 -60 -31 1 -63 -30 -1 -58 -15 -5 -59 -20 -9 -62 -2 -113 -61 1 63 -64 4 1 -58 
 0.100000 


3 1 -59 1 3 -64 -2 3 -59 -5 -1 -61 0 2 64 -7 1 66 2 1 -62 4 2 -61 2 0 -64 
 0.900000 


-1 2 -59 2 1 -64 2 -19 -60 1 -98 -60 1 67 -60 -1 -2 -63 5 2 -61 1 3 -61 0 4 -61 
 0.900000 


0 5 -63 5 5 -62 2 2 -63 -25 -13 -62 -7 -56 -60 -11 -93 -64 -3 68 -61 5 -1 -61 -1 -1 -60 
 0.100000 


3 4 -62 -1 3 -60 4 -60 -60 -2 69 -60 3 -3 -59 -5 2 -63 -3 1 -61 5 5 -59 3 2 -64 
 0.900000 


0 1 -63 0 3 -59 2 15 -62 -10 -28 -64 -4 -6 -62 -11 -1 -64 -11 2 -58 1 4 -60 1 -1 -61 
 0.900000 


0 3 -62 0 0 -63 -127 -16 65 0 -25 -58 3 -44 -60 0 36 -59 4 4 -60 0 0 -61 2 4 -60 
 0.100000 


0 4 -58 5 0 -62 0 -1 -60 -1 20 -58 1 -21 -62 -11 -5 -60 -21 -13 -58 -1 2 -59 3 0 -64 
 0.900000 


4 1 -124 128 4 4 129 -3 -58 -62 -9 -60 -91 -55 -60 -30 -92 -64 -28 69 -58 -15 1 -61 5 4 -64 
 0.100000 


1 9 -64 -4 -11 -64 -1 0 -61 0 1 -58 -7 5 6 -7 3 -128 4 4 -61 1 5 -58 2 -1 -63 
 0.900000 


1 -4 -62 4 -10 -59 3 -15 -61 -95 -32 -63 -32 -61 -63 -28 132 -63 -16 0 -62 -15 3 -62 -1 0 -63 
 0.100000 


3 0 -64 4 63 -58 2 12 -63 -7 -9 -63 0 1 -61 -10 3 -64 -9 1 70 -45 -1 -59 2 -1 -64 
 0.900000 


0 -1 -59 2 -1 -63 3 -1 -58 -5 -14 -59 -7 -15 -58 -7 -110 -62 -4 69 -59 5 -1 -61 5 5 -60 
 0.100000 


-1 2 -61 2 3 -63 -31 0 -61 -28 0 -62 -13 1 -59 -3 -6 -58 -1 -3 -64 -4 17 -58 4 1 -58 
 0.100000 


3 2 -61 1 65 -64 -8 -58 -62 -23 -5 -59 -43 2 67 -28 0 2 1 4 -63 2 3 -62 0 3 -64 
 0.900000 


0 5 -60 1 5 -60 5 -62 -60 1 70 -61 -2 -2 -61 -3 -3 -63 -4 2 -63 3 1 -58 -1 1 -63 
 0.900000 


1 0 -59 -8 -12 -63 -1 -97 -61 -1 63 -62 3 3 -60 1 1 -63 1 2 -58 1 3 -64 -1 3 -60 
 0.100000 


1 5 -60 2 -1 -63 1 0 -59 0 20 -61 1 -21 -62 -9 -4 -63 -25 -10 -62 3 2 -64 1 2 -58 
 0.900000 


4 2 -60 2 2 -60 4 4 -61 -21 -10 -63 -4 -51 -64 -10 -92 -64 -3 65 -59 5 3 -64 5 3 -61 
 0.100000 


5 3 -60 5 -23 -59 1 15 -63 -2 130 -64 -8 -2 67 -9 2 70 -52 2 -124 33 2 -125 133 4 -63 
 0.900000 


5 0 -60 2 1 -62 -2 20 -64 -3 -22 -62 -24 -3 -59 -46 -3 -61 5 1 -58 2 1 -60 2 1 -64 
 0.900000 


1 -60 -62 -6 76 -59 -7 0 -62 -20 -1 -62 -16 1 -64 -46 2 -62 0 1 -60 4 2 -60 -1 5 -58 
 0.900000 


-1 4 -62 67 -5 -62 -61 -5 -63 -94 1 -62 -48 -3 -61 -26 -20 -59 -5 33 -63 0 3 -61 4 1 -58 
 0.100000 


3 1 -61 1 -1 -62 4 126 -63 4 124 -64 1 52 -58 -1 -46 -58 0 -1 -61 1 -1 -63 0 4 -62 
 0.100000 


0 1 -62 -8 -13 -62 -7 -25 -63 -4 -47 -59 -1 35 -62 0 3 -63 3 -1 -62 4 1 -60 5 3 -62 
 0.100000 


2 18 -59 -5 -23 -61 -20 -10 -58 -12 -2 -62 -13 -5 -64 -16 -2 -60 5 1 -64 2 0 -58 0 4 -58 
 0.900000 


3 3 -60 1 4 -61 1 4 -60 0 4 -62 -1 3 -60 -7 -3 -62 2 -11 -58 2 20 -58 3 1 -58 
 0.100000 


2 4 -61 4 0 -59 0 17 -59 -2 -21 -59 -15 -13 -62 -12 -6 -61 -21 0 -63 0 3 -59 2 4 -62 
 0.900000 


5 0 -59 4 3 -64 -2 2 -63 -4 -1 -62 -5 -2 -63 -3 35 -62 4 -33 -63 3 1 -58 2 4 -62 
 0.100000 


1 5 -60 -95 2 64 -43 -2 -60 -19 0 -64 -12 0 -58 -1 1 -64 0 -3 -62 1 118 -62 2 -111 -62 
 0.100000 


1 2 -64 0 0 -60 0 -2 -59 1 102 -60 1 19 -62 -1 5 -59 1 2 -62 4 2 -61 -1 5 -62 
 0.100000 


2 64 -64 -4 -46 -64 -1 -19 -58 -5 -10 -61 -8 -4 -60 -19 0 -63 -11 3 69 -48 0 2 0 0 -63 
 0.900000 


4 3 -63 2 -95 -62 3 105 -62 -1 -4 -60 -3 1 -62 -7 2 -59 -4 -1 66 -24 5 2 2 0 -58 
 0.900000 


5 0 -59 2 5 -63 -4 3 -64 0 0 -58 -7 4 -59 -5 1 64 -11 2 70 -43 2 -58 1 2 -63 
 0.900000 


1 -1 -62 3 1 -63 0 -1 -64 -3 1 -62 -3 -5 -59 -3 -55 -63 1 35 -64 1 3 -59 0 5 -61 
 0.100000 


4 2 -58 -1 20 -58 -31 107 -61 -5 -7 -64 -6 0 -60 -46 -1 68 5 -30 -58 -2 4 -59 3 133 -58 
 0.900000 


4 0 -63 4 0 -59 -1 64 -64 -15 -119 -64 -47 -7 -59 -32 -2 -61 -96 0 -63 -91 1 -64 2 2 -63 
 0.900000 


2 16 -59 -29 -11 -63 -46 1 70 -96 2 5 66 3 -125 132 1 -126 5 1 -63 0 -1 -62 3 0 -61 
 0.900000 


1 3 -62 5 4 -58 -15 131 -59 -14 3 -58 -11 -5 -61 -4 -8 -63 -10 -54 -60 0 35 -60 -1 0 -58 
 0.100000 


0 -1 -58 3 1 -64 -1 -121 -63 3 3 66 -5 62 4 -12 127 0 -64 2 5 -13 -1 -122 2 1 -122 
 0.900000 


2 0 -59 0 3 -61 4 64 -58 -4 85 -59 -7 -20 -60 4 0 -60 2 0 -64 2 5 -62 0 1 -61 
 0.900000 


0 -48 -60 2 20 -60 -5 -2 -63 -19 -1 -64 -47 2 66 -64 1 3 128 0 -125 127 2 -123 3 5 -58 
 0.900000 


3 5 -59 -123 5 -61 62 2 -61 127 133 -60 4 65 -60 0 -118 -63 0 -8 -63 2 3 0 2 0 -122 
 0.900000 


5 4 -62 5 1 -62 131 0 4 11 -1 67 12 65 5 4 -95 -59 -61 -115 -64 -4 3 -61 0 -59 -62 
 0.100000 


3 5 -63 -29 5 -62 -32 10 -63 -60 96 -58 -46 99 4 37 61 2 -91 -8 6 69 2 -128 0 1 -61 
 0.900000 


3 3 -60 3 4 -58 0 2 -62 4 2 -60 -45 -1 70 -4 0 -59 -12 1 -62 3 -2 -59 -2 5 -61 
 0.100000 


-1 4 -63 5 2 -61 -64 4 -63 32 -93 67 -44 0 66 -16 5 -62 0 0 -64 4 2 -59 0 5 -63 
 0.100000 


2 0 -60 3 -56 -64 -123 30 -61 -63 130 0 2 0 66 1 2 -63 2 3 -59 2 5 -61 1 4 -63 
 0.900000 


2 4 -58 1 3 -59 -8 -1 68 -20 2 64 -43 5 69 -30 4 68 -32 3 69 -45 1 -58 -19 -1 -58 
 0.100000 


4 4 -60 -31 10 -62 -112 -9 -63 -62 -1 69 -95 1 1 -55 1 -122 -8 -1 -125 2 2 -60 5 2 -58 
 0.900000 


4 3 -63 4 5 -60 -59 -1 -61 -65 -4 68 -94 3 6 -57 3 -128 -12 4 4 -4 4 -62 2 3 -63 
 0.100000 


0 4 -59 -4 127 -63 -54 -2 -60 -97 0 -60 -60 -3 -64 5 -2 -64 1 -1 -60 2 1 -61 2 2 -64 
 0.900000 


-1 -1 -60 -4 -1 -64 -22 0 -128 -16 2 5 -13 0 67 -23 -56 -61 -15 31 -62 4 2 -60 2 0 -60 
 0.100000 


0 4 -61 1 0 -61 -13 2 70 -1 4 69 1 0 64 -7 2 -64 -3 -7 -60 -1 125 -63 5 0 -61 
 0.100000 


1 2 -59 -6 -1 -61 -13 -1 4 -4 4 70 2 -4 -64 2 126 -61 -1 -123 -62 3 0 -62 -1 4 -64 
 0.100000 


-1 -1 -64 1 -60 -62 -1 62 -61 2 4 -63 -7 0 67 0 5 64 -13 -1 65 0 5 -62 5 5 -64 
 0.900000 


3 3 -61 -62 5 -63 -61 -1 -60 -125 2 67 3 2 -59 2 0 -63 3 3 -60 4 5 -58 1 -1 -59 
 0.100000 


3 2 -58 4 0 -61 -124 0 69 0 5 68 -1 5 65 4 3 -64 -1 0 -60 3 3 -62 3 5 -62 
 0.900000 


-4 37 -63 -7 -30 -64 -29 -29 -64 -107 4 -61 -61 2 -58 128 -1 -61 2 1 -64 4 0 -59 3 0 -63 
 0.900000 


1 3 -62 1 -25 -60 5 -60 -62 0 30 -60 -2 126 67 0 0 -61 2 2 -61 4 3 -59 2 2 -63 
 0.900000 


-1 0 -58 -1 2 -62 4 5 -60 -2 -6 -58 1 99 -59 -1 20 -64 0 -96 -59 4 -1 -63 0 1 -59 
 0.100000 


5 2 -62 -1 -59 -63 -61 35 -62 -32 -1 -59 -93 0 -61 -63 3 -61 -1 2 -64 0 1 -58 2 -1 -63 
 0.900000 


2 1 -60 0 -1 -59 -4 -1 -127 -9 5 0 -7 0 70 -5 0 69 -14 131 -58 1 -1 -60 -1 2 -64 
 0.100000 


5 -1 -60 -6 1 -60 -7 -1 -58 -9 2 -60 -21 -4 -64 2 -2 -62 0 3 -64 0 -1 -60 2 1 -58 
 0.900000 


-6 0 -64 -9 4 -61 -13 -1 67 -4 4 -63 1 -1 -62 -6 7 -63 1 4 -63 5 1 -61 -1 3 -58 
 0.100000 


2 -1 -59 1 0 -61 -10 5 -59 -22 1 -63 -47 64 -60 -1 -113 -62 -1 -23 -60 1 -2 68 -1 -1 -60 
 0.900000 


4 4 -61 -61 4 -58 -3 -1 -60 0 63 -62 4 -98 67 4 -23 -62 3 -10 -60 5 -2 -63 0 4 -59 
 0.100000 


3 -56 -58 -1 20 -58 -2 125 -60 -10 -5 -58 -53 0 5 37 2 -60 -1 4 -64 3 -1 -58 4 0 -62 
 0.900000 


1 1 -58 5 3 -62 2 1 3 -111 0 68 -28 -10 -62 0 -51 -62 -6 35 -61 -1 132 -60 0 3 -61 
 0.100000 


69 0 -59 -59 0 -63 -123 4 67 -4 5 70 -2 131 -60 2 128 -58 5 64 -62 0 -122 -63 4 -20 -63 
 0.100000 


-1 -1 -62 -30 2 -63 -27 0 -59 -14 -1 -127 -12 1 3 -7 2 67 -5 132 65 4 -122 -59 3 5 -62 
 0.100000 


1 4 -61 5 0 -60 3 1 -60 0 0 -60 132 2 -58 128 4 2 133 -3 69 -122 -10 -59 -2 12 -64 
 0.100000 


-60 12 -62 32 -8 -58 129 3 68 133 5 2 132 1 -127 128 4 -125 133 5 -126 133 1 -124 5 4 -128 
 0.900000 


5 5 -60 4 2 -123 0 5 -124 3 0 -127 3 1 -125 130 5 3 64 2 -60 -111 -29 -62 -31 36 -61 
 0.100000 


-1 5 -60 -4 1 -64 -5 1 67 -1 0 64 -1 128 65 1 5 -61 0 1 -60 5 4 -59 0 0 -62 
 0.100000 


3 -1 -62 0 3 -60 1 -17 -58 4 -56 -61 4 55 -59 1 126 -58 -60 -1 70 1 0 -58 0 5 -64 
 0.900000 


1 3 -60 -24 4 -62 -7 0 -60 -2 66 1 0 -112 65 4 -29 69 1 -4 67 4 -1 -61 3 1 -58 
 0.100000 


0 -1 -61 0 33 -64 -5 -25 -63 -13 3 -64 -12 1 -58 -27 0 -61 -30 5 -59 -63 3 -63 0 3 -59 
 0.900000 


0 2 -60 -58 68 -63 67 -116 -60 131 -7 -58 2 -7 -58 1 1 -64 -1 1 70 5 5 66 4 4 68 
 0.900000 


4 2 -63 0 4 -63 5 4 -58 -59 2 -58 -92 1 -60 -17 -3 -63 -29 -10 -64 2 -25 -63 -1 32 -63 
 0.100000 


3 -16 -61 0 -53 -63 1 -68 -63 3 63 -61 3 132 -61 -1 131 64 3 127 65 -2 1 -125 -2 0 -61 
 0.900000 


5 0 -60 -1 4 -60 3 1 -64 -4 -2 -63 -12 2 -59 -22 -4 -64 -44 4 -64 -33 2 -60 -1 0 -61 
 0.900000 


1 4 -59 5 0 -59 -15 2 -64 -50 132 -61 -28 133 -61 -31 132 -61 -28 -61 -59 4 1 -62 2 2 -58 
 0.900000 


1 -119 -62 2 130 -62 0 -3 -58 -1 -1 -60 -8 4 -62 -20 0 -63 -46 4 -60 -31 0 -64 5 5 -58 
 0.900000 


4 4 -60 -28 0 -59 -30 4 65 -31 2 -61 -44 -12 -63 -14 -56 -61 -13 34 -64 1 4 -61 5 0 -64 
 0.100000 


3 4 -60 -5 1 -60 -4 -1 -60 -1 -1 -63 -3 -28 -60 1 17 -63 0 0 -63 -1 -1 -60 5 4 -61 
 0.100000 


2 1 -60 5 0 -59 -8 32 -60 -10 -26 -64 -11 -1 65 -91 3 69 -59 4 68 3 3 -63 0 -1 -62 
 0.900000 


2 -1 -60 4 3 -59 -61 -3 -63 -95 0 -58 -54 -7 -64 -10 -117 -64 3 68 -59 2 4 -63 4 1 -63 
 0.100000 


4 4 -58 0 2 -61 2 -92 -64 -2 76 -63 -4 -9 -63 -22 -8 -61 -27 3 66 -60 3 -125 0 3 -122 
 0.900000 


1 3 -62 3 3 -63 -27 -1 -59 -31 -7 -59 -34 11 -62 -62 3 -60 2 -1 -60 5 4 -59 0 -1 -62 
 0.100000 


3 2 -59 2 4 -62 -59 -4 -64 -94 1 -59 -27 -12 -62 -59 21 -63 2 5 -60 3 5 -58 4 5 -58 
 0.100000 


2 -13 -63 3 -55 -62 4 -66 -60 1 63 -64 3 132 -61 1 133 69 2 129 69 4 3 -124 4 5 -58 
 0.900000 


2 0 -62 4 4 -63 -1 1 -61 -4 -1 -60 -45 -2 -59 -24 4 68 1 1 -59 4 4 -63 0 0 -58 
 0.900000 
