0.092417 
0.053917 
0.063917 
0.076500 
0.286833 
0 
0.081750 
0.061333 
0.067167 
0.082000 
0.292333 
0 
0.097167 
0.045583 
0.057833 
0.091417 
0.292083 
0 
0.083833 
0.059917 
0.068083 
0.085417 
0.297333 
0 
0.084917 
0.063667 
0.068583 
0.082583 
0.299833 
0 
0.110750 
0.059417 
0.077750 
0.079083 
0.327083 
0 
0.118833 
0.061500 
0.075333 
0.087583 
0.343333 
0 
0.121333 
0.051333 
0.069167 
0.100417 
0.342333 
0 
0.095917 
0.049083 
0.055750 
0.087750 
0.288583 
0 
0.108083 
0.048917 
0.058917 
0.078083 
0.294083 
0 
0.139000 
0.084833 
0.084333 
0.097833 
0.406083 
0 
0.103083 
0.072500 
0.086000 
0.104917 
0.366583 
0 
0.090833 
0.061417 
0.064500 
0.074750 
0.291583 
0 
0.100000 
0.062167 
0.060250 
0.070083 
0.292583 
0 
0.559750 
0.369583 
0.304750 
0.571750 
1.805917 
0 
0.729417 
0.583750 
0.445750 
0.934583 
2.693583 
0 
0.672500 
0.443000 
0.354833 
0.702583 
2.173000 
0 
0.890333 
0.593833 
0.480000 
0.882250 
2.846500 
0 
0.527917 
0.367583 
0.300250 
0.545417 
1.741250 
0 
0.497500 
0.401500 
0.292750 
0.544750 
1.736583 
0 
0.519417 
0.408583 
0.406833 
0.741333 
2.076250 
0 
1.035167 
0.807333 
0.639833 
1.102417 
3.584833 
0 
0.562583 
0.473667 
0.363000 
0.720917 
2.120250 
0 
0.090417 
0.163917 
0.207833 
0.076083 
0.538333 
1 
0.100750 
0.197750 
0.218667 
0.077333 
0.594583 
1 
0.068250 
0.146750 
0.152917 
0.063833 
0.431833 
1 
0.135917 
0.254000 
0.300250 
0.111583 
0.801833 
1 
0.089750 
0.238167 
0.217167 
0.086917 
0.632083 
1 
0.079500 
0.168167 
0.161250 
0.067583 
0.476583 
1 
0.165417 
0.286333 
0.334750 
0.126750 
0.913333 
1 
0.173083 
0.318250 
0.247000 
0.098417 
0.836833 
1 
0.166500 
0.397333 
0.358833 
0.132083 
1.054833 
1 
0.164167 
0.301833 
0.287750 
0.146833 
0.900667 
1 
0.210083 
0.291583 
0.305583 
0.237500 
1.044833 
1 
0.133000 
0.306417 
0.325500 
0.137417 
0.902417 
1 
0.191917 
0.505167 
0.571250 
0.233083 
1.501500 
1 
0.169500 
0.385167 
0.402667 
0.191000 
1.148417 
1 
0.213583 
0.423667 
0.460167 
0.234000 
1.331500 
1 
0.180417 
0.381417 
0.422833 
0.197167 
1.181917 
1 
0.234250 
0.553917 
0.633500 
0.317583 
1.739333 
1 
0.129250 
0.295833 
0.369583 
0.128250 
0.923000 
1 
0.194917 
0.393333 
0.441750 
0.242167 
1.272250 
1 
0.180750 
0.314500 
0.362250 
0.178833 
1.036417 
1 
0.178250 
0.412083 
0.444750 
0.193333 
1.228500 
1 
0.157333 
0.321667 
0.360000 
0.163167 
1.002250 
1 
0.134250 
0.362250 
0.401750 
0.169000 
1.067333 
1 
0.140083 
0.257500 
0.266417 
0.169000 
0.833083 
1 
0.144000 
0.309333 
0.340417 
0.151917 
0.945750 
1 
0.134917 
0.316250 
0.357250 
0.157500 
0.966000 
1 
0.203417 
0.449667 
0.419167 
0.185333 
1.257667 
1 
0.245250 
0.555500 
0.495833 
0.286250 
1.582917 
1 
0.327583 
0.667000 
0.661750 
0.357167 
2.013583 
1 
0.255000 
0.588250 
0.580500 
0.229417 
1.653250 
1 
0.188000 
0.400167 
0.397833 
0.190417 
1.176500 
1 
0.170500 
0.389000 
0.364833 
0.198750 
1.123167 
1 
0.164500 
0.323250 
0.311833 
0.132917 
0.932583 
1 
0.201083 
0.428917 
0.420000 
0.189500 
1.239583 
1 
0.221250 
0.492167 
0.481500 
0.225583 
1.420583 
1 
0.199083 
0.423500 
0.406083 
0.193000 
1.221750 
1 
0.208417 
0.451000 
0.443333 
0.221000 
1.323833 
1 
0.435500 
0.787583 
0.694583 
0.477250 
2.395000 
1 
0.154417 
0.342667 
0.364500 
0.168000 
1.029667 
1 
0.380583 
0.685417 
0.673333 
0.431167 
2.170583 
1 
0.139833 
0.273083 
0.283083 
0.138500 
0.834583 
1 
0.252417 
0.508750 
0.506333 
0.250417 
1.518000 
1 
0.230667 
0.470833 
0.460250 
0.241917 
1.403750 
1 
0.344417 
0.596917 
0.612500 
0.318000 
1.871917 
1 
0.180167 
0.343667 
0.330667 
0.168917 
1.023500 
1 
0.261333 
0.560417 
0.525917 
0.250000 
1.597750 
1 
0.122667 
0.265833 
0.308500 
0.135167 
0.832250 
1 
0.213583 
0.451500 
0.439167 
0.210833 
1.315167 
1 
0.159000 
0.314333 
0.314833 
0.145000 
0.933250 
1 
0.168167 
0.375750 
0.369667 
0.161583 
1.075250 
1 
0.157250 
0.343333 
0.336750 
0.135083 
0.972500 
1 
0.232583 
0.471917 
0.466917 
0.245500 
1.417000 
1 
0.260667 
0.596750 
0.583833 
0.266583 
1.707917 
1 
0.137417 
0.294917 
0.271667 
0.140000 
0.844083 
1 
0.329000 
0.685167 
0.771250 
0.360333 
2.145833 
1 
