    1010
     781
     889
    1046
0
    1407
     650
     712
    1065
0
    1260
     880
    1018
    1225
0
    1109
     647
     767
     918
0
     981
     736
     806
     984
0
    1166
     547
     694
    1097
0
    1006
     719
     817
    1025
0
    1019
     764
     823
     991
0
    1329
     713
     933
     949
0
    1426
     738
     904
    1051
0
    1456
     616
     830
    1205
0
    1151
     589
     669
    1053
0
    1297
     587
     707
     937
0
    1668
    1018
    1012
    1174
0
    1237
     870
    1032
    1259
0
    1090
     737
     774
     897
0
    1200
     746
     723
     841
0
    6717
    4435
    3657
    6861
0
    8753
    7005
    5349
   11215
0
    8070
    5316
    4258
    8431
0
   10684
    7126
    5760
   10587
0
    6335
    4411
    3603
    6545
0
    5970
    4818
    3513
    6537
0
    6233
    4903
    4882
    8896
0
   12422
    9688
    7678
   13229
0
    6751
    5684
    4356
    8651
0
    7503
    5170
    4221
    7200
0
    9895
    6735
    5490
   10077
0
    7884
    5934
    4605
    8198
0  
     819
    1761
    1835
     766
1
    1631
    3048
    3603
    1339
1
    1077
    2858
    2606
    1043
1
     954
    2018
    1935
     811
1
    1985
    3436
    4017
    1521
1
    2077
    3819
    2964
    1181
1
    1998
    4768
    4306
    1585
1
    1970
    3622
    3453
    1762
1
    2521
    3499
    3667
    2850
1
    1596
    3677
    3906
    1649
1
    2303
    6062
    6855
    2797
1
    2034
    4622
    4832
    2292
1
    2563
    5084
    5522
    2808
1
    2165
    4577
    5074
    2366
1
    2811
    6647
    7602
    3811
1
    1551
    3550
    4435
    1539
1
    2339
    4720
    5301
    2906
1
    2169
    3774
    4347
    2146
1
    2139
    4945
    5337
    2320
1
    1888
    3860
    4320
    1958
1
    1611
    4347
    4821
    2028
1
    1681
    3090
    3197
    2028
1
    1728
    3712
    4085
    1823
1
    1619
    3795
    4287
    1890
1
    2441
    5396
    5030
    2224
1
    2943
    6666
    5950
    3435
1
    3931
    8004
    7941
    4286
1
    3060
    7059
    6966
    2753
1
    2256
    4802
    4774
    2285
1
    2046
    4668
    4378
    2385
1
    1974
    3879
    3742
    1595
1
    2413
    5147
    5040
    2274
1
    2655
    5906
    5778
    2707
1
    2389
    5082
    4873
    2316
1
    2501
    5412
    5320
    2652
1
    5226
    9451
    8335
    5727
1
    1853
    4112
    4374
    2016
1
    4567
    8225
    8080
    5174
1
    1678
    3277
    3397
    1662
1
    3029
    6105
    6076
    3005
1
    2768
    5650
    5523
    2903
1
    4133
    7163
    7350
    3816
1
    2162
    4124
    3968
    2027
1
    3136
    6725
    6311
    3000
1
    1472
    3190
    3702
    1622
1
    2563
    5418
    5270
    2530
1
    1908
    3772
    3778
    1740
1
    2018
    4509
    4436
    1939
1
    1887
    4120
    4041
    1621
1
    2791
    5663
    5603
    2946
1
    3128
    7161
    7006
    3199
1
    1649
    3539
    3260
    1680
1
    3948
    8222
    9255
    4324
1
    5566
    7947
    6747
    5008
1
    3735
    8175
    7962
    3774
1
    4756
    8810
    7765
    5295
1
    3559
    8834
    8151
    4178
1
