     958
    1592
    1873
     800
1
    1085
    1967
    2494
     913
1
    1209
    2373
    2624
     928
1
     819
    1761
    1835
     766
1
    1631
    3048
    3603
    1339
1
    1077
    2858
    2606
    1043
1
     954
    2018
    1935
     811
1
    1985
    3436
    4017
    1521
1
    2077
    3819
    2964
    1181
1
    1998
    4768
    4306
    1585
1
    1970
    3622
    3453
    1762
0
    2521
    3499
    3667
    2850
0
    1596
    3677
    3906
    1649
0
    2303
    6062
    6855
    2797
0
    2034
    4622
    4832
    2292
0
    2563
    5084
    5522
    2808
0
    2165
    4577
    5074
    2366
0
    2811
    6647
    7602
    3811
0
    1551
    3550
    4435
    1539
0
    2339
    4720
    5301
    2906
0
    2169
    3774
    4347
    2146
0
    2139
    4945
    5337
    2320
0
    1888
    3860
    4320
    1958
0
    1611
    4347
    4821
    2028
0
    1681
    3090
    3197
    2028
0
    1728
    3712
    4085
    1823
0
    1619
    3795
    4287
    1890
0
    2441
    5396
    5030
    2224
0
    2943
    6666
    5950
    3435
0
    3931
    8004
    7941
    4286
0
    3060
    7059
    6966
    2753
0
    2256
    4802
    4774
    2285
0
    2046
    4668
    4378
    2385
0
    1974
    3879
    3742
    1595
0
    2413
    5147
    5040
    2274
0
    2655
    5906
    5778
    2707
0
    2389
    5082
    4873
    2316
0
    2501
    5412
    5320
    2652
0
    5226
    9451
    8335
    5727
0
    1853
    4112
    4374
    2016
0
    4567
    8225
    8080
    5174
0
    1678
    3277
    3397
    1662
0
    3029
    6105
    6076
    3005
0
    2768
    5650
    5523
    2903
0
    4133
    7163
    7350
    3816
0
    2162
    4124
    3968
    2027
0
    3136
    6725
    6311
    3000
0
    1472
    3190
    3702
    1622
0
    2563
    5418
    5270
    2530
0
    1908
    3772
    3778
    1740
0
    2018
    4509
    4436
    1939
0
    1887
    4120
    4041
    1621
0
    2791
    5663
    5603
    2946
0
    3128
    7161
    7006
    3199
0
    1649
    3539
    3260
    1680
0
    3948
    8222
    9255
    4324
0
    5566
    7947
    6747
    5008
0
    3735
    8175
    7962
    3774
0
    4756
    8810
    7765
    5295
0
    3559
    8834
    8151
    4178
0
